$ANSIBLE_VAULT;1.1;AES256
33393935343134376666303434616162656161376531383964623266666461643235303666663236
3239333932643432366463353863313035313537643464300a363533376432313031333832373731
61326464323132613935353264393332336163323132306531363730653166376361346363346135
3964383235623635390a313464623238376466653832313739623235316634333739343436373261
39393134376232346434613633396632646230343666333036353062666362313233343336396666
35346439613136653761653064613866323233383534623032323839383939393264373231373831
65373330663936323037616166373237353864643138633638626137623635343234323136343933
33376633653135616335356537346334396435643730383635393333633433326535626534646635
39613332373663316437303734303965366163343063306534323865353132343832343635376532
38643063336363636366326532316334616564646133356362313332663436303362616537363064
33623966306263636339386636373239383662333830646237363363316566663466356634643062
62653433393830646161363763366639326364303165623939613337323139313962333066333062
33343538626563646631626338316163653266623839633066353963636638303739663264383063
36353839356533623661373537353765643237626438376162376235323639633164393965396135
31626235323563623032396437353036616539386365326664623239383865303734303866333865
65313830613664373332373066663833316339313064376166316231323236316331326433633535
66643436663032366332626162303437656462333634323462336136366562393130633963366139
65666536336365386634366532393738643236306465633462326133366632656261366337323866
63393532346666633534643933303132323235393834616434326139306162633161333937333336
61613939633430313935343131323363306535313839636131633763323565396539333432643964
33613639396230623366326432633235373361383166616238623162643662356666653962313564
31373433323431383463316366303863353663313366383736356361313963643131306162393831
30303533626239343535376137636636343030643437323530663664613335333163353365626261
30326535656466326461393330356236333162333064316434656534306135623636626539366537
35356133616237646234623737393264373836626634613939346363333934383134313537343636
38653934616363333464623562613636363338336631393731306563393534333033616666663266
32316361363438663533633266656334616236343563373334343062643731613032303936303932
33366533323965373661353764663762306234666432653965643031336666653262366361356536
66366266653639313661383736623439666665376163323234343733653836376662383439643737
66653764393865386530663131613634336332656362386166383166633938656263653663383263
35666661613761626138393765626336316663313430393734323232343635336437386332623163
37376139316338306430636139343034653633666166653762393238653731393561363938386230
37346339313939303034303137356136313439396331663036303431653437303330393861393034
39393639623765363532633433633964623636353566396537323565313331336561653733363337
63653963623037343739393065363338376338393232313730353161613937643932336339356465
30383038633530636463393066363862383862663864623333393434653139613161323630633036
65343264643262353639323565333336633262346130333864353061653163353635383134633231
35646433306431346665353863363962323331313330383766626365633738633236333762613861
343534633238333831376164316137623035
