$ANSIBLE_VAULT;1.1;AES256
65373461306334343537663934646539356563646366306563623831643236653632393461646336
3733333831323732393730623233643130393735653537330a613334633131643935376263366137
30613030333439383531663762383261656665363932303537313765333035326337346637313463
6562616131383833630a643539303634336166353237326630366432373965373836616264333961
36333335633766326139663030666137313262326463323862633030373039326264336664333765
37623664323165646230636634326431353062303035386265623166336233653737396237623135
31666633613861373365396231623266653064353239383939333762356239336234316430313264
61303062613563353930646462616266323066396564343566623465316231326265656365386132
34306263623064336138366233363931613535633565393566363062613837623863323331656131
63623763383535393032346531633536313635313237363361613661343833326436336530313633
65356131633434306133393239643261623532373563336633343830623438303730643530303066
63323933653232313833323135343938626663613430623236656435613932343431313366323239
3137
